 # i, j, A, mean, sigma
           0           0   1.48781142737099        162.755387581960     
   10.9294392807889     
           0           0  0.792968273322544        109.405328487679     
   9.64044081868513     
           0           0  0.190381253625898        245.514103296795     
   12.4306614712377     
           0           1   1.34972213883580        162.918545523418     
   11.9814379429761     
           0           1  0.723008550109209        109.474931512108     
   10.3361226173956     
           0           1  0.106013591572611        240.736002600313     
   15.4402705881250     
           0           2   1.23738618880762        160.926192969227     
   11.9313092504297     
           0           2  0.651017616045023        108.800799698703     
   11.4083383812450     
           0           2  0.124190530506556        244.191431121721     
   14.0665887913986     
           0           3   1.37119528569069        159.928641913839     
   11.6929207321002     
           0           3  0.673884291483276        108.732382929069     
   10.8410412614132     
           0           3  0.137955168007476        241.266263853862     
   11.8810851639096     
           0           4   1.31437222492921        157.934235184459     
   13.3287920725278     
           0           4  0.751504662426298        108.208598604446     
   9.93330196224719     
           0           4   1.14008548541344        248.560729451764     
   8.18266196167095     
           0           5   1.29152491802322        157.607485776394     
   14.4094447186190     
           0           5  0.781319974326419        107.914599239772     
   9.56166308924401     
           0           5  0.968770633393577        246.980818740500     
   9.24750580526744     
           0           6   1.08861958429903        161.075573938599     
   18.7914040230050     
           0           6  0.813491945466845        107.385641136411     
   7.96961797352526     
           0           6  0.687200456445661        240.357517277463     
   9.85394931049012     
           0           7   1.04332747263344        163.816003855237     
   18.1754742157785     
           0           7  0.818837341066325        108.127705994704     
   8.11358558371302     
           0           7   1.07265188266754        238.770258227771     
   8.66648117863993     
           1           0   1.55783046839649        161.090094774177     
   10.9764875588429     
           1           0  0.794251583813632        109.451033003154     
   9.89622853719422     
           1           0  9.340863844972555E-002   237.549793699569     
   13.2623281533222     
           1           1   1.32077866000462        162.183553601458     
   13.4665155619422     
           1           1  0.703191557621073        109.278744527725     
   10.3492214601552     
           1           1  7.771321164629987E-002   243.291505321997     
   13.3791760175418     
           1           2   1.19565837720613        161.660825868204     
   13.7409937870500     
           1           2  0.653325990798983        109.190167544881     
   9.95198707905936     
           1           2  5.834374407507060E-002   242.899090455806     
   12.1781665792607     
           1           3   1.33073643657813        161.866976140146     
   14.3628107889159     
           1           3  0.732086635357441        108.836351793834     
   9.55820554447556     
           1           3  0.236735994305519        241.801130098311     
   10.9212989589671     
           1           4   1.02054765362762        158.925236826657     
   15.8053375935908     
           1           4  0.797569389142549        108.150819863357     
   9.50613627306965     
           1           4  0.792062483872489        248.409335131681     
   9.81876960981952     
           1           5  0.939137234261991        160.659412705708     
   19.5334479578920     
           1           5  0.807569028771713        107.893626176027     
   8.73299211426990     
           1           5  0.454110757667595        245.339440613466     
   11.5792807697167     
           1           6  0.820021918014360        168.035582894638     
   22.1378184137931     
           1           6  0.786004253017415        108.519444363330     
   8.54522323018852     
           1           6   1.21847829696467        239.174277505573     
   8.86756571358315     
           1           7  0.767001187617093        166.954451413505     
   22.2337040998960     
           1           7  0.903971591949298        109.050125694956     
   7.08259397097266     
           1           7   1.71168974297630        240.033464345840     
   8.46162695099701     
           2           0   1.17913864690678        160.066128163686     
   12.8963041834685     
           2           0  0.774343201251365        109.584356942943     
   9.97040434535480     
           2           0  4.517332061488133E-002   241.035652743308     
   11.2919285698958     
           2           1   1.18676383955187        162.932049948530     
   13.6724254257395     
           2           1  0.678826305473865        110.093250865674     
   12.0701944050669     
           2           1  4.772927684533621E-002   241.261923390339     
   10.5801954562626     
           2           2   1.04570254576261        163.218905696692     
   13.6914896157520     
           2           2  0.674063954796743        110.116857053312     
   10.9259719515677     
           2           2  0.102540807771914        234.930134822954     
   8.99641223759913     
           2           3   1.07608620259172        161.178972769247     
   14.7178489998338     
           2           3  0.760308074451906        109.289981277068     
   10.2918366080568     
           2           3  0.376735247531051        237.177565163823     
   10.2518530939731     
           2           4  0.816497680096547        161.003761802823     
   17.1033896840345     
           2           4  0.781667308508983        108.856771197144     
   9.30717903132285     
           2           4  0.258713401495544        245.152649534552     
   12.4867875863995     
           2           5  0.752332972710359        165.886709831100     
   20.0025446183704     
           2           5  0.719269227718101        108.465090473909     
   9.67492291094497     
           2           5  0.715682631418002        242.613928479935     
   11.2957420245944     
           2           6  0.680725347377791        169.211632417536     
   22.4670345764492     
           2           6  0.778977998321837        108.734079320209     
   9.01438876024306     
           2           6   1.95045311051070        241.054902887125     
   9.02542205785468     
           2           7  0.607945501133310        167.661113257216     
   25.8279220866464     
           2           7  0.874710268973218        109.135765573474     
   7.27346115079036     
           2           7   1.90344367122703        242.161891597305     
   8.52394729721917     
           3           0   1.01642164268031        158.253620151486     
   13.9437997904638     
           3           0  0.673799154498631        110.735405358259     
   12.7819205159522     
           3           0  2.987288277913361E-002   240.755490873329     
   10.6892522723255     
           3           1   1.16664464556154        163.351856744676     
   12.7556553277814     
           3           1  0.635929066155861        112.834129595666     
   16.1980010697940     
           3           1  3.810287850429384E-002   238.624899125517     
   9.14200612728274     
           3           2   1.01976455455748        163.748575852985     
   14.1742686621407     
           3           2  0.682470496941834        110.091426996224     
   12.0638151195349     
           3           2  0.118978639308321        235.214437350257     
   9.34405546165658     
           3           3  0.857720910953716        162.525561550689     
   15.1302041460203     
           3           3  0.739725377699055        109.408989864384     
   10.5291595136742     
           3           3  0.194363081930995        238.970799412230     
   11.4981761262105     
           3           4  0.672499988032465        164.346245879767     
   18.1843800970295     
           3           4  0.725887624138209        109.251413408752     
   9.67257784564076     
           3           4  0.226683114029721        240.104948085561     
   12.1856133074627     
           3           5  0.653607958662269        168.665598542505     
   20.8156306933424     
           3           5  0.681791854659227        108.971464935046     
   9.58923251579992     
           3           5  0.495476214797422        242.545071084567     
   9.82759824166247     
           3           6  0.615599315833380        168.496311088279     
   22.4256021435741     
           3           6  0.777273844440730        109.061004795531     
   8.56166058660906     
           3           6   1.46837367357603        241.636171955112     
   8.82262024335249     
           3           7  0.607907553253633        165.672692061000     
   23.8621988717214     
           3           7  0.847623062176389        108.894822648011     
   7.53137071780823     
           3           7   1.83077046129973        241.325832211206     
   8.04315380480280     
           4           0  0.782376848176648        159.483163749662     
   15.1549829910230     
           4           0  0.688488881881811        116.701325504322     
   17.8621143715155     
           4           0  3.073527599080433E-002   235.822148482655     
   10.7552715949631     
           4           1  0.979522360730453        165.421610234706     
   13.9463243936512     
           4           1  0.749800789996981        116.710287985842     
   17.6512532061814     
           4           1  2.748069348889286E-002   236.169663082219     
   10.3150258834094     
           4           2  0.940545424818993        167.031584590268     
   14.7618722568402     
           4           2  0.716209511848110        110.317925845156     
   12.3436251883213     
           4           2  6.362425101951200E-002   237.757256000912     
   10.0826528501824     
           4           3  0.875066871856374        165.521426893909     
   14.9923238728908     
           4           3  0.695903841465455        109.097545455025     
   11.4540357161201     
           4           3  0.138084051813444        239.409123598124     
   11.7864912646645     
           4           4  0.718217019800525        166.140048899488     
   18.0549615826743     
           4           4  0.642852171275114        108.743087161847     
   10.9893612571476     
           4           4  0.210436075979455        239.474857765636     
   11.2544932112139     
           4           5  0.647448797687223        166.111499489348     
   20.4985670791716     
           4           5  0.633320030333937        108.654588519580     
   10.1226512565036     
           4           5  0.353700858349676        240.032076972200     
   9.29924523698484     
           4           6  0.613431831932200        164.700540107815     
   20.7490128224098     
           4           6  0.715616625694469        108.986174046957     
   8.79913739233232     
           4           6  0.775534978422432        237.328075941338     
   9.25185160363542     
           4           7  0.672348582248237        162.390363040924     
   20.3696613480509     
           4           7  0.911813210648828        109.166688819498     
   6.99917982724915     
           4           7   1.42540145251564        238.550071042186     
   8.91242380004018     
           5           0  0.720823113895706        164.101222361058     
   13.4941789477258     
           5           0  0.773644018610868        124.880234678982     
   21.7407957300556     
           5           0  2.060776882192704E-002   232.043088287855     
   12.3695827752532     
           5           1  0.942620989852183        167.234279805986     
   13.3987114718933     
           5           1  0.768998115985546        115.852078385571     
   16.1936291623312     
           5           1  2.307466579942996E-002   233.532272263471     
   11.5085976205181     
           5           2  0.959547307342291        167.422785444201     
   13.7678729713782     
           5           2  0.672313212630863        110.361120413404     
   13.0935118608540     
           5           2  3.089793525223184E-002   236.917178565054     
   11.6853813787557     
           5           3  0.808800816055792        165.791368431722     
   15.3577777678735     
           5           3  0.594834133104255        108.290579297396     
   12.3602871861269     
           5           3  7.789764709421626E-002   240.244945904668     
   12.6525759403867     
           5           4  0.682203774980365        165.702036529071     
   17.6811838876802     
           5           4  0.584525281866754        108.442957847776     
   11.6680501089861     
           5           4  0.253569034131975        238.661619817978     
   11.7195498067945     
           5           5  0.590630886042398        163.698413227686     
   18.4041491117420     
           5           5  0.659155438773716        109.044258572818     
   9.15599005062704     
           5           5  0.463140436435294        241.082655004092     
   8.45649542551845     
           5           6  0.667689967410769        162.918222481063     
   19.0763879600667     
           5           6  0.748568077831522        109.058654836378     
   8.70394588109754     
           5           6  0.627915941678025        236.182625930752     
   10.0861998435981     
           5           7  0.760251625634930        163.039114541543     
   19.1704256212239     
           5           7   1.00587868668692        109.386695057008     
   6.48514272920281     
           5           7   1.30796761867806        238.163468732969     
   9.71357675377680     
           6           0  0.922218193509794        163.667118340065     
   12.4107671472177     
           6           0  0.697195667958989        118.923640288291     
   20.5252960705559     
           6           0  5.044005642092959E-002   220.186261880032     
   17.9223976612888     
           6           1   1.02704075826502        165.365647063402     
   13.1146187050626     
           6           1  0.675930645928713        110.243603166633     
   13.5543332597367     
           6           1  4.439350881733394E-002   221.134521069391     
   18.0894341989608     
           6           2  0.934726097093243        166.831103766648     
   14.5706815107754     
           6           2  0.624648833729007        109.295822459293     
   12.8426918541543     
           6           2  5.747428003818366E-002   228.408116779964     
   16.2700502419607     
           6           3  0.765098865445051        166.038216852810     
   16.9884730441728     
           6           3  0.577935018426446        108.289805617874     
   12.0692087526701     
           6           3  6.971564228018398E-002   232.812950564761     
   17.7551814751804     
           6           4  0.645876751839330        165.650789754160     
   18.9248330315865     
           6           4  0.627008255434711        108.969082463697     
   10.0659095554739     
           6           4  0.215103750345518        238.928135853169     
   12.5956878801767     
           6           5  0.740228648516174        164.257808138829     
   18.4152214630738     
           6           5  0.735940506092474        109.486716704750     
   8.61907342984524     
           6           5  0.348576166703545        240.026040459664     
   10.1658480979957     
           6           6  0.787025707925984        164.132860472824     
   18.5962233935833     
           6           6  0.799201435703962        109.359770594222     
   7.84605314694328     
           6           6  0.653854191705257        239.676619771068     
   9.97123748783197     
           6           7  0.853993391697009        165.471502161996     
   20.7823816589376     
           6           7  0.926440121029045        109.086106198032     
   7.17385030469722     
           6           7   1.30476589128375        241.014615355317     
   10.2617412659028     
           7           0   1.00610507926044        161.900418075255     
   12.8912667250193     
           7           0  0.657901677345339        110.031538747872     
   13.8390639266611     
           7           0  0.166693495193550        224.305238690330     
   13.9262252477220     
           7           1   1.02692726595345        165.162299420194     
   13.0993177070354     
           7           1  0.653341306503400        108.603535245309     
   13.8295885907928     
           7           1  0.105707772354931        218.497498124683     
   20.0759210492359     
           7           2  0.878599438833624        167.836159102559     
   15.7638721213013     
           7           2  0.606076080829008        109.137785991548     
   12.9099981107779     
           7           2  8.984040650168854E-002   227.111532146986     
   17.8231457216704     
           7           3  0.745317785535413        166.215956236164     
   16.9229736558976     
           7           3  0.604703650403142        108.611780080786     
   11.6925401918651     
           7           3  9.125755597113933E-002   233.008303718864     
   16.9314541856043     
           7           4  0.790324333750921        165.565541140461     
   16.7187596084316     
           7           4  0.636776543827546        109.132780322171     
   11.2400927946728     
           7           4  0.177407246280248        239.366980307627     
   12.1789243492120     
           7           5  0.916029504582305        163.413595154829     
   15.8179747209407     
           7           5  0.698096081238996        109.403380619354     
   9.86100795341593     
           7           5  0.334499831072544        238.237760174650     
   11.3751533834841     
           7           6  0.955021891364166        163.955619695288     
   17.1090270400799     
           7           6  0.792304689851883        109.404402690062     
   8.42200937243658     
           7           6  0.513158145996169        239.893162865938     
   10.9643326371226     
           7           7  0.912733452054750        167.754235727005     
   20.7858713735635     
           7           7  0.876494232869592        109.018912552824     
   7.61977402120569     
           7           7   1.17042714103361        241.562004772013     
   9.77664348975494     
