 # i, j, A, mean, sigma
           0           0   1.43546589741382        161.669339689795     
   9.92637802783095     
           0           0  0.788488193495332        109.455260982849     
   10.0317635584387     
           0           0  0.281360671716816        246.173587772761     
   11.1785871651945     
           0           1   1.48005658196325        162.868006466305     
   11.0627989290838     
           0           1  0.818106256804313        109.248548043138     
   10.0005017161688     
           0           1  0.197841427374710        244.190542515661     
   12.6697009924186     
           0           2   1.38853663916916        163.001029991813     
   11.4167051356841     
           0           2  0.795375374424253        109.534343019465     
   9.67754814239470     
           0           2  0.143376822834220        238.089293332192     
   15.2784721704244     
           0           3   1.31805267548280        162.572726180789     
   11.3255588369582     
           0           3  0.671309162022712        109.379992657181     
   11.6367022195094     
           0           3  0.123058099728969        239.854158383718     
   14.1947329266173     
           0           4   1.23527873280944        161.832521509357     
   11.4404285312536     
           0           4  0.636402517340192        109.062242301838     
   12.0030189487794     
           0           4  0.145108944601952        243.763714251795     
   13.9785072427499     
           0           5   1.22853018670701        160.663962747023     
   11.3680041381856     
           0           5  0.631608171949187        107.863210606423     
   11.5357376912573     
           0           5  0.121846456123814        243.612942222234     
   12.4995114691588     
           0           6   1.30450935273431        159.919957841827     
   11.0234942872658     
           0           6  0.639240251192211        108.355405878060     
   10.8633945537976     
           0           6  8.728476881457516E-002   240.581552050200     
   11.5374442925032     
           0           7   1.41786360855308        159.231749877662     
   11.5021595012787     
           0           7  0.675119827757750        108.361153089869     
   10.8729290349233     
           0           7  0.198026949344642        240.619548753010     
   11.6985462081139     
           0           8   1.34290738618853        159.081063008840     
   12.7743807114632     
           0           8  0.688051438862998        107.867885765675     
   10.7281289386172     
           0           8  0.701406676810708        246.350936600945     
   9.25215109775491     
           0           9   1.38038966101463        158.249671995831     
   13.3459987544410     
           0           9  0.744144418147569        107.739304398345     
   10.2355863609941     
           0           9   1.81399680103481        248.764551701866     
   7.73018230962543     
           0          10   1.40067022657069        157.943213988151     
   13.3754672298558     
           0          10  0.725370476903739        107.532552712129     
   10.2902484545157     
           0          10   1.59421984547436        247.882111715387     
   8.25750637052499     
           0          11   1.53419030466401        157.561872374748     
   12.7115886877920     
           0          11  0.779750589001022        107.584037585152     
   9.60926295389235     
           0          11  0.972057637045205        245.050477326468     
   9.51747031121891     
           0          12   1.51582862464154        157.871846703603     
   12.8243074501995     
           0          12  0.786964715657336        107.569998811624     
   8.93065789051011     
           0          12  0.609273371736882        242.575100800055     
   10.5917564839852     
           0          13   1.23793971514424        159.433288236884     
   15.8814683532532     
           0          13  0.814685691461277        107.293835331824     
   8.49897519783037     
           0          13  0.665716998205737        240.175751532781     
   9.68802893625208     
           0          14   1.08122906269328        163.443255409151     
   18.1696399141304     
           0          14  0.840735533846648        107.782004469956     
   8.02725319426660     
           0          14  0.750880516492695        238.869004962631     
   9.16914615713690     
           0          15   1.09896949372027        162.837492625868     
   16.7536548945689     
           0          15  0.796460469258239        108.015607236139     
   8.42076903819779     
           0          15  0.821686227664048        238.644164817900     
   9.32204172177520     
           1           0   1.52763347488480        162.421490228738     
   10.1825486384614     
           1           0  0.773855326991947        109.543687596419     
   9.25634701010079     
           1           0  0.220078340674785        248.256975044884     
   10.0568599201887     
           1           1   1.56651016394727        163.963969665765     
   11.8861418579334     
           1           1  0.787490249415808        109.364942680869     
   9.36945905961304     
           1           1  9.913029642823520E-002   244.422477214328     
   13.1853616815503     
           1           2   1.41778823096566        163.787034526994     
   12.6773071416400     
           1           2  0.720797618058782        109.556877356806     
   10.0846802892970     
           1           2  8.340486568298536E-002   240.957573920449     
   13.5620527720554     
           1           3   1.28926425930845        162.272485188673     
   12.3388738408874     
           1           3  0.701800253388236        109.405442522418     
   10.2385172779329     
           1           3  9.319374595734048E-002   244.546742001699     
   13.4452911830942     
           1           4   1.24441166186626        160.840484290387     
   12.4281681080467     
           1           4  0.674278185027594        109.147028329406     
   11.3252578664856     
           1           4  0.153059362666842        247.331018039803     
   13.3130996714582     
           1           5   1.25064702181905        160.391541696201     
   12.3808093201943     
           1           5  0.664677510735525        109.113396966126     
   10.7439534565254     
           1           5  9.705072064118507E-002   245.063905560723     
   12.1528092581422     
           1           6   1.36957341448778        160.613332834803     
   11.9853667994226     
           1           6  0.660146036181399        109.112478685626     
   11.0729333974826     
           1           6  9.254257751793393E-002   240.611894139747     
   12.0319831336794     
           1           7   1.39730416541807        160.010239729084     
   12.2490962854859     
           1           7  0.722073128795077        109.067155786504     
   10.5370747856225     
           1           7  0.177576871177573        241.677526747309     
   11.6904880766566     
           1           8   1.31234090713620        157.884563942218     
   13.1142816831675     
           1           8  0.756620760678211        108.651197685949     
   9.80370150025629     
           1           8  0.691901790665375        247.852615043815     
   8.53058621436587     
           1           9   1.24508582534734        156.311757914622     
   13.7934271675746     
           1           9  0.811544323410724        108.414579862292     
   9.27919032752345     
           1           9   1.39187340500580        249.689661581113     
   7.89759428030679     
           1          10   1.12454252662115        157.055604807041     
   15.7320689812909     
           1          10  0.793725004189790        108.163713265070     
   9.68151384439459     
           1          10  0.896380161989949        248.587992105016     
   9.23869737817175     
           1          11   1.10820673301186        158.033909665088     
   17.2685734017831     
           1          11  0.816169680172207        108.015018160226     
   8.53855375836710     
           1          11  0.464917612579915        244.199221337177     
   11.6277745044736     
           1          12  0.948322935823566        162.519521211181     
   22.9543655568873     
           1          12  0.805625718862925        107.464562080661     
   7.34677076151495     
           1          12  0.499424872646130        240.610731093051     
   10.3753762866961     
           1          13  0.898662537676515        165.063043492495     
   21.8729814493070     
           1          13  0.799753587447289        107.567917532298     
   8.12026181486377     
           1          13   1.02626459844106        239.383984340165     
   8.43914767108895     
           1          14  0.972331949493916        165.053941092316     
   18.9926591499140     
           1          14  0.802574708054493        108.230159299089     
   8.22100551415204     
           1          14   1.43664083184606        238.685617053673     
   8.16801508512691     
           1          15   1.03113907986617        164.140716126536     
   18.6851030643020     
           1          15  0.825899946767909        108.472343589593     
   8.02678814596470     
           1          15   1.28441793583303        238.892318315624     
   8.50769139898923     
           2           0   1.65531934597661        161.287378685774     
   9.65038507508883     
           2           0  0.789178344458027        109.428906774114     
   9.66848162623184     
           2           0  8.493680275129634E-002   239.082685009783     
   12.6547134882291     
           2           1   1.63693560244204        162.016704778013     
   11.5159573152062     
           2           1  0.766867310447961        109.291282802426     
   10.4298919483768     
           2           1  9.617597895196964E-002   236.026757177494     
   13.7949072092536     
           2           2   1.41072810121607        162.705610984128     
   13.0758924980222     
           2           2  0.718303161488607        109.408309711179     
   10.0543320890043     
           2           2  8.995154840830026E-002   240.681514415808     
   13.0500284516653     
           2           3   1.32386924979836        161.707900586235     
   13.3241038638201     
           2           3  0.680992587085720        109.223030050496     
   10.3587786609304     
           2           3  0.107941748388793        246.447387381986     
   13.0845168526874     
           2           4   1.25077619290083        160.692601123979     
   12.9482400571016     
           2           4  0.635175881586860        109.214836594152     
   10.5592561568460     
           2           4  8.534622918032743E-002   246.661949884198     
   12.7443743044029     
           2           5   1.22516391560888        161.102267039356     
   12.6062921168502     
           2           5  0.613461035991904        109.169683875070     
   9.27199139948976     
           2           5  3.429882292721507E-002   243.794948696804     
   10.4190595158298     
           2           6   1.39980486677546        161.940757891664     
   13.4136978310706     
           2           6  0.688697512591064        108.883449375536     
   9.56724602667473     
           2           6  7.953639903196533E-002   240.980855098405     
   10.2096408888971     
           2           7   1.36753144860268        160.812251126457     
   14.0292900066413     
           2           7  0.737135652141030        108.627405750342     
   10.2073347974130     
           2           7  0.286428384586027        244.125407972541     
   10.7145833434850     
           2           8   1.15515268563537        157.964578080681     
   14.5433408033665     
           2           8  0.771181861151879        108.162601699383     
   9.42934357392544     
           2           8  0.952824759636506        248.101008127743     
   8.76150455135601     
           2           9   1.04020309889707        157.609684172419     
   15.4524043512727     
           2           9  0.814961522894309        108.073291225407     
   9.61734014295438     
           2           9   1.05742860269123        249.788848204223     
   8.95681248233169     
           2          10   1.00951052495220        158.048826786659     
   16.6374773400044     
           2          10  0.821742311999901        108.362399593462     
   9.14232413887754     
           2          10  0.554360883608278        247.933247669282     
   10.3620312678275     
           2          11  0.945274801925108        160.537094987277     
   21.5596454194782     
           2          11  0.807148458520741        107.713224484179     
   8.67230548440314     
           2          11  0.386344663114397        243.426908117972     
   11.6690878108757     
           2          12  0.836682353717839        166.306660271913     
   23.4013299949985     
           2          12  0.790891956166960        108.152898515913     
   8.02054386811787     
           2          12  0.634862999070977        240.314112006302     
   9.44797315168008     
           2          13  0.834968232595870        167.810943803149     
   21.9745766159671     
           2          13  0.765749702884959        108.180209621996     
   8.97487423545670     
           2          13   1.43310121762710        239.200191549731     
   8.37279582040444     
           2          14  0.852474199849945        166.094960199394     
   20.3120651883468     
           2          14  0.838494401354514        108.755808376900     
   8.23779559073655     
           2          14   1.88939585285099        239.299941782717     
   8.25399024928274     
           2          15  0.857266000821038        165.974406853047     
   21.6712375508578     
           2          15  0.925445759646178        108.925736516408     
   7.04928459634241     
           2          15   1.59176661497904        239.987972951916     
   8.28399506302149     
           3           0   1.51362949670538        160.252302475391     
   10.4286056213170     
           3           0  0.824589546212975        109.764795477333     
   9.66111453992916     
           3           0  0.114005509915155        235.395395434132     
   11.2007293411062     
           3           1   1.46735696579197        160.778354712598     
   12.1195829237918     
           3           1  0.799472072714185        109.191959748276     
   9.75963291025848     
           3           1  9.711626061060270E-002   236.951534302348     
   11.9821779959264     
           3           2   1.30068440882764        161.704173081827     
   13.1180759950595     
           3           2  0.720713335389138        109.212970625193     
   10.3945972272359     
           3           2  5.922987076869704E-002   242.366619343819     
   11.9076775960531     
           3           3   1.23091152310371        162.528858968547     
   14.5265325229981     
           3           3  0.695565657527179        109.217078712135     
   10.4650249727499     
           3           3  6.741333523092716E-002   246.261859025436     
   11.4161044441232     
           3           4   1.15123626589775        162.524977258539     
   14.5254235337100     
           3           4  0.673470978037837        109.037748116568     
   10.0019849752990     
           3           4  4.363628257129575E-002   243.683011755110     
   11.4876153965275     
           3           5   1.16936293985383        162.486798459947     
   14.7781059715950     
           3           5  0.686316004164661        109.305550678607     
   10.1139818399789     
           3           5  7.837639575450657E-002   239.809879435460     
   11.5623230189723     
           3           6   1.30602776286518        162.990346225076     
   14.6628283126204     
           3           6  0.712333814699132        108.928422971674     
   9.48856560121706     
           3           6  0.138381218667204        239.569596635717     
   10.8096978010969     
           3           7   1.26491255502974        161.734203657482     
   15.1750426537852     
           3           7  0.788365796181752        108.893493730601     
   9.07078322620931     
           3           7  0.451037337096716        241.257020756489     
   11.0706457387749     
           3           8   1.00536215305328        160.118229623873     
   16.0455974238222     
           3           8  0.787954267959942        108.269746245074     
   9.69103415896901     
           3           8  0.664126241393776        245.817103086960     
   11.3218168021023     
           3           9  0.882690703872664        160.228423066226     
   17.2211128593829     
           3           9  0.810600075823221        108.121997140779     
   9.43573219013568     
           3           9  0.546289164771871        249.161331809467     
   10.6835355994579     
           3          10  0.952458228886820        159.973154322054     
   17.7948598114984     
           3          10  0.793796703348996        107.714965607734     
   9.21352182040600     
           3          10  0.432536316117916        247.598860448014     
   10.7484945230825     
           3          11  0.909778041906937        164.459569684703     
   20.8679048625735     
           3          11  0.803822329668823        108.001405851367     
   8.24989464046070     
           3          11  0.509558032523836        242.505693812741     
   11.4470025594347     
           3          12  0.848573544888340        168.985990769064     
   21.6023116698494     
           3          12  0.761102131473849        108.346716972148     
   9.18359884271731     
           3          12   1.09263683295631        238.828101549053     
   9.42944184870255     
           3          13  0.772430682820533        169.104480092974     
   20.9678104713945     
           3          13  0.821685638437356        109.317179898858     
   8.22458883974798     
           3          13   1.72826149441934        238.992262804729     
   8.64919056740554     
           3          14  0.688477552126825        167.715691566772     
   21.6042480300098     
           3          14  0.916211197543107        109.293189390124     
   6.65436587852605     
           3          14   1.79334452231817        240.277015365168     
   8.66915583232806     
           3          15  0.696560409220895        168.235366158141     
   24.5601731228820     
           3          15  0.940288579669112        109.251473268641     
   6.66497971034124     
           3          15   1.57762090540913        240.715000425362     
   8.64625298478555     
           4           0   1.18567984284531        159.325321518236     
   11.8666043616385     
           4           0  0.831958821126945        109.447808910597     
   9.26020626675696     
           4           0  5.487074455620244E-002   238.868706693928     
   10.3870610270792     
           4           1   1.28819976680347        161.501279141376     
   12.9720659295931     
           4           1  0.778536020712390        109.510337107545     
   9.94474333569368     
           4           1  7.577132151756069E-002   241.061275980043     
   11.3827920985377     
           4           2   1.23285991440589        162.108608837764     
   13.6394105505352     
           4           2  0.728941948243662        109.857965153884     
   11.2195864476545     
           4           2  6.659860296284212E-002   242.682458829945     
   12.1456289749249     
           4           3   1.14328187704086        163.914968889363     
   14.3284302296010     
           4           3  0.664556027912216        109.953918676165     
   11.6049118753008     
           4           3  3.305751706181973E-002   242.714187979846     
   10.3486248620557     
           4           4   1.05933380126953        164.002434967786     
   13.9048824521814     
           4           4  0.650564781427827        110.467569705425     
   10.5657697776984     
           4           4  2.926343395553898E-002   238.699673986101     
   10.1807541773450     
           4           5   1.05470682269129        162.809588171164     
   13.7839626124130     
           4           5  0.656072894315939        109.772845128482     
   10.3473952827144     
           4           5  7.468329461207926E-002   235.242753700104     
   9.18924176846093     
           4           6   1.15089051408354        161.796023195147     
   14.3395941675383     
           4           6  0.742126940906267        109.651166960903     
   9.24151267357436     
           4           6  0.313094911597038        235.499089264123     
   8.67282050744372     
           4           7   1.16716091695260        161.412055248472     
   15.1174294659443     
           4           7  0.807187059086963        109.183103817467     
   9.63854678029121     
           4           7  0.511071239300302        237.822449462229     
   10.8722466409917     
           4           8  0.947332068791136        160.930361195949     
   15.6946021300883     
           4           8  0.794892898209088        108.714979688888     
   9.19451933976478     
           4           8  0.322892169986746        243.503629465284     
   12.5086604495505     
           4           9  0.803833232532901        160.785684586370     
   17.4759600261639     
           4           9  0.800225104944486        108.707259955535     
   8.99870784546814     
           4           9  0.252370558452035        248.071409640638     
   11.6284261108786     
           4          10  0.821955669717178        162.084210911697     
   18.8900787685247     
           4          10  0.752258655566493        108.483430118128     
   9.25705354727687     
           4          10  0.404618123090596        246.214437399548     
   11.9215302790905     
           4          11  0.771202188997958        166.887166168677     
   20.4961458805025     
           4          11  0.708909087819493        108.009064011759     
   10.0630934448913     
           4          11  0.892157616175127        241.681425285353     
   11.0286638104028     
           4          12  0.726888944118868        169.935833954904     
   21.8200072033060     
           4          12  0.745835394706477        108.309060377001     
   9.45681778522591     
           4          12   1.76148089322087        239.820664917074     
   9.24013784134454     
           4          13  0.692086761429141        168.542432324188     
   22.2545029293615     
           4          13  0.811375043453311        108.866138828712     
   9.03005943228048     
           4          13   1.97996513081535        240.557858643381     
   9.16109549905897     
           4          14  0.628087248693283        166.992965537069     
   24.4653068003106     
           4          14  0.897622400835730        109.185969001641     
   7.58975383263890     
           4          14   1.77934758330977        242.186037509474     
   9.21528824876611     
           4          15  0.615504225514112        168.910327964753     
   26.6430320595661     
           4          15  0.874913851063232        109.276341479479     
   7.04354136759734     
           4          15   1.65490387960959        241.560069168785     
   8.75454449993605     
           5           0   1.07114605967660        158.423913021914     
   12.5280724127143     
           5           0  0.766064577060505        109.879362130342     
   9.81410490849652     
           5           0  2.575005618079434E-002   241.717684838893     
   10.7854790486304     
           5           1   1.21189977832819        160.822551508055     
   13.5457801728166     
           5           1  0.711692395377312        109.725129331947     
   11.4487764139343     
           5           1  2.984055520955758E-002   242.648211040843     
   10.8836404845738     
           5           2   1.25080543376647        162.511321478068     
   12.8945583152440     
           5           2  0.644405356499363        110.934270252916     
   13.5267090137309     
           5           2  4.422851755044880E-002   241.756751974840     
   10.1686973039388     
           5           3   1.12185613997971        163.446791148342     
   13.6691013969674     
           5           3  0.675802128313266        109.953663445370     
   12.3099875841899     
           5           3  4.862792187094086E-002   238.225855983736     
   10.3910852096492     
           5           4   1.05372715365887        163.648783406695     
   13.3355024333624     
           5           4  0.677876716760603        110.281057391789     
   11.8284072979755     
           5           4  8.620269108093816E-002   234.260241647696     
   10.2121168683169     
           5           5   1.01714367840764        162.451021924240     
   13.5968622354899     
           5           5  0.704816656479491        110.035436452268     
   11.2220125268720     
           5           5  0.212865739424732        234.303231374943     
   9.08292685981855     
           5           6   1.06020463749380        161.238095777052     
   14.0584866743767     
           5           6  0.718442228069884        109.414052555644     
   12.0940601000704     
           5           6  0.382763370443611        236.121917236654     
   9.48748805332298     
           5           7  0.935450713512352        160.165963881302     
   15.1090382068549     
           5           7  0.773584276390079        109.014217684068     
   10.5596365004995     
           5           7  0.317575008089261        239.268311244003     
   11.3058266847896     
           5           8  0.783329028090569        160.655922652709     
   16.7714290371215     
           5           8  0.759344958557572        108.943646701532     
   9.70220667646895     
           5           8  0.199450152144447        244.211765498829     
   11.6836039298230     
           5           9  0.732393433876812        162.020230166945     
   19.1160719202900     
           5           9  0.768720587027922        109.026513932757     
   9.32021827322445     
           5           9  0.275013548695317        245.206926932522     
   12.9676756019080     
           5          10  0.736770530793381        165.967034456382     
   19.1459388818630     
           5          10  0.717198891155045        108.897473388348     
   9.80981298099157     
           5          10  0.508945798303302        243.302899007503     
   12.0886384781617     
           5          11  0.713431193045602        169.163376884279     
   20.4319930974324     
           5          11  0.698824452285698        108.571423929451     
   9.82378799705386     
           5          11   1.10013461227802        241.860994657009     
   10.3842544691437     
           5          12  0.688388904051943        169.944965471334     
   22.2305349744844     
           5          12  0.718584317196133        108.541140967900     
   9.46619986706336     
           5          12   1.91684466013524        241.427389515326     
   9.04452430765724     
           5          13  0.623366024373714        168.277233994587     
   23.1684632449547     
           5          13  0.843532203554849        109.175622110073     
   8.25876285627900     
           5          13   2.19703176667979        242.127872989357     
   8.46694068262462     
           5          14  0.589274026027331        166.576033409615     
   23.9299542587882     
           5          14  0.889921097243210        109.408322340546     
   7.28067844015230     
           5          14   2.12455645390636        242.813704604032     
   8.19585352565821     
           5          15  0.617768595226251        168.257018428246     
   26.5890010664883     
           5          15  0.834676974190554        108.694004807999     
   7.55017292346200     
           5          15   2.07690082994744        241.926723077041     
   8.03789288683032     
           6           0   1.04096670289594        157.599309730396     
   13.6401688522977     
           6           0  0.730984551790436        109.331652513126     
   10.5899987367744     
           6           0  1.981163305186928E-002   242.086397187161     
   10.8047601690950     
           6           1   1.16825476992363        160.413279636481     
   12.5366929569072     
           6           1  0.640238424489568        112.289414304190     
   14.6170811435075     
           6           1  3.140337524495773E-002   241.697423040062     
   10.9324133389479     
           6           2   1.31700790620778        163.141784975319     
   11.8125427003689     
           6           2  0.640667015347053        113.151967147404     
   17.0475682691898     
           6           2  2.801034951942668E-002   240.502290022981     
   10.3576901948551     
           6           3   1.13748276610148        163.654374213458     
   13.1088282900587     
           6           3  0.639422958421594        110.953395446402     
   13.5956863419336     
           6           3  3.801000727116252E-002   237.148721884777     
   9.65715309324803     
           6           4   1.03764262741595        163.774586205560     
   13.8034491898231     
           6           4  0.659901956197266        110.287011472635     
   12.9100558088167     
           6           4  9.656286382056821E-002   234.345402940968     
   9.07125133768266     
           6           5  0.986000791473745        162.871623446851     
   14.2022220563498     
           6           5  0.681483718636345        109.575556238055     
   11.4417734675807     
           6           5  0.178426374340740        234.626639867625     
   9.24723893794136     
           6           6  0.924301609229539        161.604644253393     
   14.5487955661201     
           6           6  0.713279719211476        109.403724633820     
   10.9101986667838     
           6           6  0.209108922845900        237.612747580723     
   10.4950847735694     
           6           7  0.792665758488374        161.103808227861     
   15.9378044944913     
           6           7  0.751280053648479        109.198572822344     
   10.1482611443485     
           6           7  0.202702900430003        240.597190612676     
   11.2601332452454     
           6           8  0.701762737445165        162.087187063032     
   18.6514106296259     
           6           8  0.776695501039147        108.940970871235     
   9.38729876378928     
           6           8  0.224594452039524        240.345678182176     
   13.0308087819802     
           6           9  0.632286753072259        164.242489921592     
   17.6118246618103     
           6           9  0.695589822531742        109.484753640883     
   9.24290500275205     
           6           9  0.234401216463708        241.400259600134     
   11.4706271265079     
           6          10  0.676247378673727        168.399887717607     
   19.0087535074684     
           6          10  0.676362082638192        109.198358777557     
   9.64915484285375     
           6          10  0.439163921036201        243.294125758369     
   11.2231957579591     
           6          11  0.688571123745834        170.096782004007     
   21.9830434851967     
           6          11  0.694051768875426        108.416275268772     
   10.3383764878779     
           6          11  0.809423029467568        242.830411541288     
   9.67363841227145     
           6          12  0.632712655140553        170.271302770630     
   22.2262266574759     
           6          12  0.726599255591277        108.688354110432     
   9.46375991785579     
           6          12   1.49051278737372        241.972561353710     
   8.96186206157761     
           6          13  0.599861412963794        168.316271716655     
   22.5559207968283     
           6          13  0.843613915574520        109.304245847824     
   7.68010878810961     
           6          13   1.98391055493920        242.022181807048     
   8.28656380441478     
           6          14  0.596082075269037        166.299036577410     
   22.6062644035073     
           6          14  0.885867520521926        109.032277214368     
   7.52558771312943     
           6          14   1.96554673760491        241.956049028331     
   7.91248039684241     
           6          15  0.618624343133892        166.950735261384     
   25.4680524307229     
           6          15  0.815793459201291        108.698837343271     
   7.52812998751816     
           6          15   2.07629034952730        241.291842397943     
   7.64251196443704     
           7           0  0.930921821421418        156.306875154968     
   15.1319028566442     
           7           0  0.687855202469260        109.971607805391     
   11.3976922545714     
           7           0  3.814683145603558E-002   240.468496427524     
   11.1110750290634     
           7           1  0.951351674881093        159.262462166408     
   13.5492959638808     
           7           1  0.653346216203045        113.029655392488     
   15.7569490623530     
           7           1  2.909539714219723E-002   239.775464666440     
   11.1532010846242     
           7           2   1.13217712362017        162.919189587399     
   12.7014796723160     
           7           2  0.652069909517043        114.432880675114     
   17.2215969286854     
           7           2  2.994075014277151E-002   238.491968828347     
   10.2063946456027     
           7           3   1.07797375311371        163.707020694887     
   13.6824208198433     
           7           3  0.641366353512489        112.678252573680     
   15.8127062130179     
           7           3  5.080883418323191E-002   237.369942210852     
   9.21611389322351     
           7           4   1.01649675094552        164.068491005118     
   14.6878407157509     
           7           4  0.677281266816218        110.628431257232     
   12.6253334776516     
           7           4  7.765972516224204E-002   234.930976234869     
   9.47604733785617     
           7           5   1.04186131578755        164.272383961892     
   13.9549238775222     
           7           5  0.717041417885936        109.960809468456     
   11.2550029920051     
           7           5  0.120746033106275        237.317313016998     
   10.4387336780851     
           7           6  0.941476140720972        163.629933870873     
   14.2919149240129     
           7           6  0.745892440287897        109.624012154498     
   10.5217880753082     
           7           6  0.165734140151189        239.398123674280     
   11.4686762222802     
           7           7  0.779478317047062        163.842201964840     
   16.0600799921587     
           7           7  0.748118356285701        109.360104314479     
   10.4797387531507     
           7           7  0.208001574944700        238.331841276785     
   12.2044727820435     
           7           8  0.690775615183979        164.452591303466     
   17.5834348348153     
           7           8  0.730183467807946        109.204463602419     
   9.90823551707108     
           7           8  0.214687637101834        239.043701852574     
   12.4397355003420     
           7           9  0.677386848022337        166.645713753553     
   18.4967584993867     
           7           9  0.700368428153449        109.359312483500     
   10.2044334908126     
           7           9  0.238588813094110        239.582453771650     
   11.5247241991460     
           7          10  0.665002622846966        168.168334702959     
   20.8806641098343     
           7          10  0.674918718199126        109.128914356075     
   9.83032371559529     
           7          10  0.284881497206392        241.827209828086     
   10.3475928314285     
           7          11  0.596565077797994        168.056113739739     
   20.7975086910997     
           7          11  0.675360875992606        109.175321908933     
   8.84466577922300     
           7          11  0.461826458512706        241.777796898325     
   8.32130201256683     
           7          12  0.634025239056151        168.382568038209     
   22.1000229620764     
           7          12  0.717772201271652        108.803753148541     
   9.40971298914363     
           7          12   1.03841054338397        240.689340350436     
   9.32767479944737     
           7          13  0.608798164033386        166.878755493238     
   21.9112244306093     
           7          13  0.827148313817021        109.336521541070     
   8.07971863758865     
           7          13   1.37706104570938        241.396153490351     
   8.99137359837475     
           7          14  0.615370447185702        164.798576490906     
   21.9333636581940     
           7          14  0.828979556415217        109.090980279545     
   8.43686679887468     
           7          14   1.52255029573080        241.543994075531     
   8.65428392682953     
           7          15  0.624507561475458        164.677367222033     
   23.6868503732817     
           7          15  0.856144353241167        108.811229947986     
   7.07974325263839     
           7          15   1.78149387451183        240.437773190730     
   8.05660241339188     
           8           0  0.824703078729493        154.058584023210     
   17.3170252202213     
           8           0  0.644650929694012        109.473648007452     
   11.7178882911378     
           8           0  3.943164601572575E-002   236.644846805194     
   10.3891789631695     
           8           1  0.793168953996290        159.063249405184     
   15.4452330078467     
           8           1  0.674969555966588        114.066315433593     
   16.1381070213303     
           8           1  2.301183661064752E-002   237.104869893174     
   10.5279354944187     
           8           2  0.989009035432882        162.739754381963     
   13.7901281380407     
           8           2  0.718663432164464        116.739453503365     
   17.9875677571713     
           8           2  2.487152202072531E-002   236.415559046177     
   10.5686034025209     
           8           3   1.01631400490299        165.237689463759     
   14.5968099977418     
           8           3  0.713037165066423        113.955185385695     
   16.2144960754583     
           8           3  3.475732704593431E-002   236.829427559071     
   9.88525095038190     
           8           4  0.924194708466530        166.540866726835     
   15.2021680341291     
           8           4  0.705165486267118        111.010539027693     
   12.9697239717520     
           8           4  5.273899759510791E-002   237.519574465964     
   9.37988342783591     
           8           5  0.969325931680626        166.127956373281     
   14.5989751282034     
           8           5  0.745938323531176        109.723833642220     
   11.1543788638196     
           8           5  0.104135396769114        238.118704165222     
   10.9224222495871     
           8           6  0.951153913157933        165.226589482473     
   14.2845919813476     
           8           6  0.747158824466930        109.561777359727     
   10.9637919174821     
           8           6  0.146540876636430        239.620685005504     
   12.4238934536679     
           8           7  0.809713984728990        165.440575300479     
   15.6464731373199     
           8           7  0.722000724341716        109.306937177072     
   10.9158771183090     
           8           7  0.163169717784436        239.242908535590     
   10.6773752334955     
           8           8  0.708490704938543        165.524925860718     
   17.6126530825767     
           8           8  0.707791065971851        109.247755367381     
   9.96472976434110     
           8           8  0.180065953566134        239.845820255559     
   11.3354046286483     
           8           9  0.674471769170610        166.739200120506     
   19.4631712705760     
           8           9  0.657707567661627        108.710594500531     
   10.7454100307163     
           8           9  0.205603421361815        240.624413887812     
   10.8302076395011     
           8          10  0.630276230643561        166.631016467107     
   20.5503459309555     
           8          10  0.639756914943958        108.841768122487     
   9.94926180988920     
           8          10  0.280020226303495        240.945356015205     
   8.81763009121916     
           8          11  0.653744394107131        166.546995419328     
   21.6923170403192     
           8          11  0.663006596491808        108.791911384739     
   9.89053547356726     
           8          11  0.492120163395848        240.629153125810     
   9.30737576549173     
           8          12  0.630281102463449        166.273684833701     
   21.4959102051278     
           8          12  0.690287454997468        108.911949899612     
   9.35723635258753     
           8          12  0.807561617445387        238.667825340928     
   9.27717095341769     
           8          13  0.609695280188811        164.360517801395     
   20.6942430764466     
           8          13  0.755201222053278        108.734415494265     
   9.08712272648442     
           8          13  0.930931527216105        238.204190517977     
   9.26502747903330     
           8          14  0.644658288994125        162.379434630061     
   19.2968248772737     
           8          14  0.830935743944194        109.125779208590     
   7.80237593170515     
           8          14   1.08693076464249        239.405913480939     
   9.50259929209497     
           8          15  0.670535991715506        162.278213146246     
   21.7604721948287     
           8          15  0.916731064073516        108.882189991131     
   6.85127666600606     
           8          15   1.65539509783541        239.626861689096     
   8.50661810476096     
           9           0  0.772157000676280        158.312590503738     
   16.3660704543937     
           9           0  0.686224807474810        117.264951645603     
   18.2244199622888     
           9           0  4.208944944021484E-002   235.241186732556     
   11.1470775527719     
           9           1  0.766176077317220        163.568492517880     
   13.1473555168016     
           9           1  0.831011448733433        121.960174408754     
   19.1503004888517     
           9           1  1.857627391317638E-002   235.706152399980     
   10.8777134950870     
           9           2  0.918557412671829        165.531203876752     
   13.0974118048662     
           9           2  0.818531493617480        120.143840462944     
   18.8375547516816     
           9           2  1.695149581650894E-002   235.968784788154     
   10.7150409476187     
           9           3  0.992452159523964        168.095089369942     
   14.1151216207105     
           9           3  0.783026893861212        115.733314809731     
   16.4549345894777     
           9           3  3.243416693434841E-002   236.599335083310     
   10.8075787454984     
           9           4   1.00075457477367        168.661749630855     
   13.7861751160293     
           9           4  0.704197307435540        111.500124939207     
   14.0537575723050     
           9           4  4.038112975245430E-002   237.047276971662     
   10.0983133153970     
           9           5  0.946765036886006        166.977798537367     
   14.4064897826541     
           9           5  0.713668076647018        109.502620311934     
   11.5842653898260     
           9           5  5.313000440278474E-002   238.253613204759     
   11.4059504683249     
           9           6  0.911167672095644        165.692167574690     
   14.5717906938953     
           9           6  0.683151901886483        108.766621655063     
   11.6260192009169     
           9           6  0.102624636137457        239.255626674725     
   11.8316621951988     
           9           7  0.829347017331842        165.843450253590     
   15.6468961824927     
           9           7  0.631963193368766        108.514273200431     
   12.5011126687346     
           9           7  0.145637132917134        239.455630059606     
   11.5506125294697     
           9           8  0.785622815097911        166.267130118687     
   16.7311333124239     
           9           8  0.614983270552790        108.579362700103     
   11.8948878079915     
           9           8  0.217712485482472        239.246848338948     
   11.0700179387736     
           9           9  0.711914710509635        166.026650517815     
   18.3977919551299     
           9           9  0.590585694576724        108.141894567195     
   11.6570083783606     
           9           9  0.242384164154084        238.499689976371     
   11.3906485629089     
           9          10  0.661205179516556        165.556936794437     
   19.0943552255250     
           9          10  0.597400733888010        108.430344187441     
   10.6449991500075     
           9          10  0.291272619296721        239.087968127695     
   9.62574956063816     
           9          11  0.650810994554544        165.826181314623     
   20.3479059397987     
           9          11  0.627913887129760        108.516674908669     
   10.2708107687457     
           9          11  0.356209066437304        239.199309762655     
   9.27331065694277     
           9          12  0.595768043345415        165.167738327424     
   19.8838784179509     
           9          12  0.666818556998958        109.083239288243     
   8.99159784774702     
           9          12  0.482809430907862        236.607178851086     
   9.00395535595168     
           9          13  0.630301946675316        163.039851392765     
   20.1504993046293     
           9          13  0.749401461178895        109.229619845342     
   8.02777014981769     
           9          13  0.905021594948744        235.593785810814     
   9.15561240268367     
           9          14  0.695445506239378        162.494589578884     
   19.5941015514663     
           9          14  0.868776652956385        109.150296795274     
   7.77146688194190     
           9          14   1.40567841738124        237.001024289063     
   8.92667594280370     
           9          15  0.689027795539304        162.376031947071     
   20.2412353549048     
           9          15   1.04143782395672        109.471137890614     
   5.91167152544928     
           9          15   1.60253611161574        238.209664398241     
   8.62755602466542     
          10           0  0.764887350318096        160.565220457915     
   15.4406768752619     
          10           0  0.746797381047859        123.417358956553     
   20.5645829032088     
          10           0  2.690865388611915E-002   233.615687894201     
   10.8766214157989     
          10           1  0.773420059216666        165.297073706207     
   12.2885337558138     
          10           1  0.862881085042209        124.817511206392     
   19.8849116495627     
          10           1  2.634770205015410E-002   234.087739280267     
   10.7014862464804     
          10           2  0.885059887220378        166.307093250569     
   12.9079184135423     
          10           2  0.841442932575465        119.246926438300     
   17.1147483861232     
          10           2  2.888544889726553E-002   234.674166469320     
   10.4304713104356     
          10           3  0.994942784309387        168.627420048184     
   13.3569552960154     
          10           3  0.816261591873588        115.915609817433     
   15.9240159166641     
          10           3  2.397259355172918E-002   235.389471543281     
   10.4167673263152     
          10           4   1.05119447745019        168.420570731821     
   12.9990743180744     
          10           4  0.718802929141853        112.130567986360     
   13.7918027565218     
          10           4  2.689698746039351E-002   236.066276805902     
   10.5177329825387     
          10           5  0.951983887832930        167.196170513224     
   13.7378047649160     
          10           5  0.667785490685850        109.017747636372     
   12.6637187471443     
          10           5  3.208593174344389E-002   237.183276647620     
   11.0102050929286     
          10           6  0.845773806504002        165.749930701582     
   14.5589797854793     
          10           6  0.609805296464195        108.168248085391     
   12.3312415828756     
          10           6  5.345370848931911E-002   239.149246288850     
   10.9291648583224     
          10           7  0.804955310555860        165.698547741899     
   15.6186224138472     
          10           7  0.597384476230616        108.239324141640     
   12.1998221169912     
          10           7  0.122917881387120        240.879208927794     
   11.9748621009077     
          10           8  0.755572170943614        166.233028063679     
   16.4480863515463     
          10           8  0.563940706179005        108.695235009082     
   12.0376339246383     
          10           8  0.205027801686858        238.196418405253     
   11.7667192499935     
          10           9  0.687676871305976        165.142683109539     
   17.9885764653627     
          10           9  0.589844169657449        108.334472039932     
   11.3118184898753     
          10           9  0.295494680666379        238.803190632910     
   11.0801788753428     
          10          10  0.621762079270674        165.159135354033     
   19.4119220911712     
          10          10  0.614635906625759        108.607297117794     
   10.5989217534164     
          10          10  0.416216948482569        240.612023618696     
   8.95118158970091     
          10          11  0.595207262027575        164.256038037132     
   19.1150247407748     
          10          11  0.650449260454415        108.688692506725     
   9.44208179981089     
          10          11  0.426240058196030        240.288132898433     
   8.79446257842691     
          10          12  0.648168282815642        163.821643216200     
   19.6802950964352     
          10          12  0.692827912086614        108.457605055135     
   10.1863067358192     
          10          12  0.462244262376822        236.782850724132     
   10.3812662146209     
          10          13  0.679890649449155        162.656692970655     
   19.7476337744007     
          10          13  0.771274506329109        109.090833150414     
   8.43383498387654     
          10          13  0.869541088275164        234.364967971888     
   9.52403407749130     
          10          14  0.694625723830490        162.555657553712     
   19.0283522454646     
          10          14  0.959984315113799        109.641976921238     
   6.87599073367769     
          10          14   1.51128178412434        236.082404281890     
   8.57250075343543     
          10          15  0.752524472983966        164.172850480938     
   19.6020246674783     
          10          15   1.06012050478897        109.255861488014     
   6.37736751335349     
          10          15   1.40172095799633        238.594057134786     
   9.24867817005398     
          11           0  0.839433790064625        159.828174554148     
   15.4078693877348     
          11           0  0.687209192226745        121.409722506604     
   19.6430926776450     
          11           0  3.124403301851546E-003   228.127109544528     
   11.4226856530009     
          11           1  0.801883879674981        164.047670683540     
   14.6712468122683     
          11           1  0.719494459472408        119.074342338029     
   19.2576852976598     
          11           1  3.477391751226325E-002   227.648727656264     
   11.7951529063382     
          11           2  0.874068275344429        165.707785469959     
   14.0089119882195     
          11           2  0.744406023252018        114.367346030308     
   15.6068556013104     
          11           2  2.758600835134053E-002   229.527367203056     
   11.4349549087475     
          11           3  0.997077018022537        167.989034945799     
   13.4510670436498     
          11           3  0.716343490235633        113.475546148047     
   14.7857330885744     
          11           3  1.579132011015896E-002   232.914549110201     
   10.7037722543523     
          11           4   1.03401488002444        167.585358890194     
   13.2345951938773     
          11           4  0.679542126108257        111.236251736933     
   13.3945122710460     
          11           4  1.774763577230763E-002   234.566710804257     
   11.0876475873579     
          11           5  0.923786215564357        166.538037817040     
   13.8629356025288     
          11           5  0.625229519309985        109.233213479970     
   12.7973762042600     
          11           5  5.005371635764431E-002   235.582465829727     
   11.5932639986194     
          11           6  0.832291822231758        166.119768864718     
   15.3900318341008     
          11           6  0.606014766855643        108.353618320856     
   12.4794064586423     
          11           6  5.316944317106223E-002   238.997877564257     
   13.0717188680871     
          11           7  0.752197556725091        165.586272073798     
   16.0066037910703     
          11           7  0.568141231323651        108.406235754235     
   12.2969785932185     
          11           7  9.273274204065358E-002   240.195675817831     
   11.8151806684816     
          11           8  0.667749143661797        165.762851643098     
   17.6488804713263     
          11           8  0.593079944525518        108.374341429477     
   11.8326156608187     
          11           8  0.184058569461015        236.892415949738     
   13.7123947564435     
          11           9  0.623529861303049        165.503292511047     
   18.6887673261354     
          11           9  0.594003417873567        108.418844133497     
   11.3428912781729     
          11           9  0.344012120549704        239.713265922109     
   10.6182115182437     
          11          10  0.583319778711307        163.417789639198     
   17.9935931679608     
          11          10  0.663747307524912        109.124556246274     
   9.11989115695379     
          11          10  0.479335663780507        241.750544317487     
   8.58326871089579     
          11          11  0.572556014387788        162.071504165173     
   16.5575660481312     
          11          11  0.695317501963364        109.510967237733     
   8.18020500762166     
          11          11  0.532781125194047        241.502635838732     
   7.74430762000866     
          11          12  0.653694698481398        162.177774028739     
   17.5960455954675     
          11          12  0.739727765911650        109.472419386624     
   8.27651415843966     
          11          12  0.514853222936216        238.753265647426     
   9.55590773684176     
          11          13  0.695695309156376        163.114483404259     
   18.9583054424604     
          11          13  0.787229236148859        109.079303560846     
   8.29228776001432     
          11          13  0.707098044311854        236.239673098546     
   10.2410521841686     
          11          14  0.766004298886903        162.752567863405     
   18.6050456312957     
          11          14  0.934225543162109        109.466549534975     
   6.89575485210105     
          11          14   1.14300872151777        237.253261693189     
   10.0509902428869     
          11          15  0.832177280928942        162.741735977092     
   19.2502579998287     
          11          15   1.07398766078614        109.240089961066     
   5.90996685763110     
          11          15   1.30362174049255        241.036217972412     
   10.2173229196156     
          12           0  0.860816409148445        163.987319234752     
   11.9541575810606     
          12           0  0.814946482030275        124.473025238739     
   21.2583291385200     
          12           0  4.319765712080318E-002   222.064806692375     
   12.3270825481260     
          12           1  0.913064379346191        163.438207929929     
   13.4381563809986     
          12           1  0.676138382202052        115.698125890268     
   18.0267068419275     
          12           1  4.228618013232692E-002   220.493808961856     
   13.3779162531300     
          12           2  0.947726831458449        164.943161210237     
   13.5933454758919     
          12           2  0.684820547416825        110.924697530311     
   14.1910611799097     
          12           2  5.398837264032370E-002   221.192717205918     
   14.3968936404150     
          12           3   1.06350588798523        166.909108170731     
   13.5274090123394     
          12           3  0.690006480396050        110.707462589457     
   13.2994252913480     
          12           3  2.819684675144472E-002   226.974222207949     
   11.6818445141576     
          12           4   1.02775671838650        166.794386037838     
   13.6060271861811     
          12           4  0.648121948986704        109.801875486387     
   13.4122584677889     
          12           4  6.041362644694961E-002   230.796496093176     
   12.3023496734998     
          12           5  0.865370152481686        166.493113537378     
   14.9483304643143     
          12           5  0.617860764808703        109.023487093044     
   11.8376504296085     
          12           5  5.285710683890515E-002   232.135781190136     
   11.3281163089492     
          12           6  0.805193789275906        166.287330288987     
   16.2754895126693     
          12           6  0.574915963590455        108.629045999344     
   12.1301084744436     
          12           6  5.673917147871836E-002   234.004339574283     
   12.9176785855977     
          12           7  0.733292898828550        165.436878593638     
   17.0924229237896     
          12           7  0.559236150947313        107.632910784883     
   12.5240291960054     
          12           7  9.164554389484329E-002   236.877830805782     
   14.4788433447398     
          12           8  0.643965701361872        165.591000516605     
   18.3713789795017     
          12           8  0.596989815814056        108.440608765602     
   10.9140042910754     
          12           8  0.164179800338656        236.393413290807     
   13.8705963727543     
          12           9  0.612545628844619        165.301990794670     
   18.8477604705353     
          12           9  0.616460621602871        108.836990959738     
   10.1537551868098     
          12           9  0.320458115624429        240.308199405105     
   10.4305966362271     
          12          10  0.682741085586355        164.725355115981     
   19.5243148517969     
          12          10  0.679126997819718        108.772164699330     
   10.3811715987840     
          12          10  0.427039600934977        241.049247133941     
   9.82842645771358     
          12          11  0.727979717205038        163.417703670772     
   18.5982451727060     
          12          11  0.763999791118662        109.332235111828     
   8.31677211396877     
          12          11  0.386050746560810        240.618153369388     
   9.93312248761440     
          12          12  0.714796299884777        163.163722005183     
   18.0555111570177     
          12          12  0.761904583689531        109.262764163124     
   7.72929395958913     
          12          12  0.562204990890909        239.726029816376     
   8.85266918884305     
          12          13  0.772565250797077        163.623571917544     
   18.6917297222584     
          12          13  0.829791908129393        109.394557415498     
   7.52543842578412     
          12          13  0.833327171247400        239.397302797717     
   9.67534142286917     
          12          14  0.859028861995256        163.594611639452     
   19.0110825202237     
          12          14  0.919694648669078        109.270368010893     
   7.26165407097022     
          12          14   1.12537526777052        240.121706479955     
   10.3745111850204     
          12          15  0.861548911949585        164.355604143751     
   20.4647635618774     
          12          15  0.999876680554936        108.984443921387     
   6.61693167772481     
          12          15   1.44931763410568        241.549960101873     
   10.3251747871708     
          13           0  0.950611973230175        163.187213157540     
   13.0667133944022     
          13           0  0.750814986670819        119.483299566233     
   19.9224506275656     
          13           0  7.438579264887854E-002   220.604011414948     
   13.1611275062788     
          13           1  0.951435388556135        162.994788394073     
   13.0838763960269     
          13           1  0.646892993624514        112.717582968633     
   16.8678090975882     
          13           1  4.615572330911133E-002   216.584321168570     
   13.8666363118961     
          13           2  0.998239332766466        163.711092700115     
   12.4329139366475     
          13           2  0.673807869498293        109.626900061906     
   13.4141341919511     
          13           2  6.334449818583009E-002   212.051482471388     
   15.8048440613165     
          13           3   1.12088210057098        165.751091128405     
   12.6218364574076     
          13           3  0.661127680263384        109.727225281305     
   13.1526342567554     
          13           3  5.706202778392375E-002   218.452703062326     
   14.5172981541688     
          13           4   1.01093369566559        166.738482635742     
   13.9043945430476     
          13           4  0.622833548735341        109.232286364277     
   13.4274709290007     
          13           4  6.789576982910697E-002   224.786314451626     
   13.8677705771701     
          13           5  0.838830205852048        167.678205730084     
   16.3647107224805     
          13           5  0.613676192744615        109.149521599278     
   12.4898895622881     
          13           5  7.099972507187970E-002   227.834743544308     
   13.3348795358036     
          13           6  0.793786958796039        166.982514221039     
   17.2531221842712     
          13           6  0.595727331108295        108.688384416983     
   12.1786056636901     
          13           6  7.764941549658023E-002   230.865901715792     
   13.7508576367916     
          13           7  0.723003602057045        165.754795799983     
   17.9734576743213     
          13           7  0.586893100079098        108.156949503403     
   11.1791616725562     
          13           7  8.036857131868588E-002   234.563367936772     
   13.9677856944433     
          13           8  0.635423581444139        165.892269026113     
   18.9614679921211     
          13           8  0.625145347777235        109.169481403728     
   9.53344194320750     
          13           8  0.112028562977574        237.032428961094     
   13.8000334482191     
          13           9  0.694222954091316        165.796098460844     
   19.3012328748485     
          13           9  0.665825991728298        109.281123328898     
   9.90805224197851     
          13           9  0.292687467486565        239.618212541464     
   12.0606211121232     
          13          10  0.742206805938146        164.558759906563     
   17.7739331298749     
          13          10  0.726519829916009        109.658504296532     
   8.42316822457284     
          13          10  0.325514414420975        239.616598692906     
   9.90123905199730     
          13          11  0.814573667895978        164.458815816878     
   17.6267141047254     
          13          11  0.758647407104741        109.899226432657     
   8.06302479311849     
          13          11  0.264220834347253        238.079618137684     
   11.0687102534015     
          13          12  0.830497460403569        164.594887413108     
   18.3555700644811     
          13          12  0.766310306334757        109.572763748235     
   8.58395094985113     
          13          12  0.446743055326256        238.956233573848     
   11.3131171944447     
          13          13  0.838027276187150        164.952144327994     
   18.8675328331095     
          13          13  0.832498449023090        109.237864297508     
   7.79706599353703     
          13          13  0.775070573173050        240.316966537286     
   10.4844169058951     
          13          14  0.870438064414091        166.392965727798     
   20.7940582447077     
          13          14  0.914648711963477        109.229410385127     
   7.44672973198019     
          13          14   1.14978403248800        240.996302727949     
   10.1358686068165     
          13          15  0.852456507036237        167.511397259376     
   21.8271917256751     
          13          15  0.867690602201383        108.926358974164     
   7.71600943397309     
          13          15   1.55888542532921        241.144042309584     
   9.93773843846244     
          14           0  0.994474583677220        161.013634354870     
   14.1023657087923     
          14           0  0.649465794219014        111.857164721794     
   14.7122572232854     
          14           0  0.106121856875297        224.694188148344     
   10.9495211931387     
          14           1  0.978394400999365        162.312856766172     
   13.2442136060666     
          14           1  0.665251884017381        108.999225648069     
   14.4559914109684     
          14           1  7.968943684463167E-002   220.701804640560     
   13.5997170570419     
          14           2  0.999478117855975        163.613599488412     
   12.4132976996135     
          14           2  0.673909412349695        108.616964171834     
   13.9727789767752     
          14           2  9.634159422137448E-002   212.913695493511     
   16.6712893367495     
          14           3   1.10265631775465        165.847523702403     
   12.8347534992985     
          14           3  0.647390710932079        108.738297626596     
   13.7645490785638     
          14           3  0.104551316402065        213.402964443494     
   16.2400695994503     
          14           4  0.977928376081754        167.401317651948     
   14.7161801448085     
          14           4  0.631866949710868        109.416439015360     
   13.1229851659264     
          14           4  0.107374301276897        221.886654001565     
   15.6932021220768     
          14           5  0.825266024508526        167.999441171646     
   16.4599841494980     
          14           5  0.611582241251205        108.664157476364     
   12.4384582736920     
          14           5  8.091470695110002E-002   229.294613271727     
   13.5510660090974     
          14           6  0.748633757528112        167.341840727332     
   17.4301127872284     
          14           6  0.591026997381521        109.005955717456     
   11.7607610621255     
          14           6  0.104780936445100        233.748239675022     
   12.4969940385944     
          14           7  0.723263847313592        165.867515055558     
   17.3772080981742     
          14           7  0.598386146647523        108.636897241909     
   11.2382220773694     
          14           7  0.102380875893202        234.564117919502     
   13.8511863328761     
          14           8  0.733299138817810        166.184158895725     
   17.5648088992076     
          14           8  0.638042341234196        109.026870444020     
   10.4913020665690     
          14           8  0.109698082872191        237.184569008837     
   12.6510388357531     
          14           9  0.774138563780931        165.525857735397     
   17.3987686181286     
          14           9  0.679990423308825        109.553139022262     
   10.4300997664431     
          14           9  0.263351945935834        240.050288218074     
   11.1159500720975     
          14          10  0.835845008202160        164.067103563800     
   16.6757418157019     
          14          10  0.708494189708578        109.732797541009     
   9.74024811766249     
          14          10  0.349981448340294        238.853902601894     
   10.8205319963808     
          14          11  0.905817918737802        163.455266526025     
   16.2190639453673     
          14          11  0.710777746831329        109.097739391729     
   9.37339491931975     
          14          11  0.331669803380625        236.419534173261     
   10.9267471057617     
          14          12  0.938287249434590        163.681003765538     
   16.6185189991560     
          14          12  0.763288428464489        109.593952434654     
   8.89173110607759     
          14          12  0.402797985320422        237.784746288153     
   12.3196488258308     
          14          13  0.926611651890227        165.124205469856     
   17.7897529287363     
          14          13  0.813157832711766        109.300364375098     
   8.11994631379011     
          14          13  0.668323772583044        240.487054164603     
   10.2955885268701     
          14          14  0.908032950468059        168.071532651142     
   20.9401867565486     
          14          14  0.907969886588977        109.267809211751     
   7.09564933264064     
          14          14   1.13037151471933        241.426803127774     
   9.70005514447094     
          14          15  0.869985336226601        168.751427664869     
   21.4721113562557     
          14          15  0.846537454119108        109.005651896398     
   7.45171791586824     
          14          15   1.39143499787571        241.242942594620     
   9.67907962072470     
          15           0   1.02983485898262        161.663727961784     
   12.5552972250037     
          15           0  0.661933857629334        110.297933146948     
   12.3450664605659     
          15           0  0.331744779006865        226.314568419804     
   10.6032264328794     
          15           1   1.00342232093647        162.547287975235     
   12.3661161793790     
          15           1  0.682627783263077        108.553357711115     
   12.8519221387808     
          15           1  0.226557380384890        225.075649125748     
   12.2392773161435     
          15           2   1.02398019242746        164.342145476239     
   12.8645307575606     
          15           2  0.659343410962009        108.378681872216     
   13.6713640488344     
          15           2  0.139303287116866        221.666323052936     
   16.1661781838893     
          15           3   1.01423288666838        167.248846910365     
   14.3453697418127     
          15           3  0.637225454323228        108.724178549552     
   13.6908049836480     
          15           3  0.120529324267733        221.438154987507     
   15.9302511824365     
          15           4  0.913466919879363        168.560767898692     
   15.8896463415783     
          15           4  0.598254448204928        109.289112046365     
   13.4527464756015     
          15           4  9.549593409798977E-002   226.726086163803     
   14.7667848819132     
          15           5  0.796133775242598        167.836101622797     
   16.6997438890092     
          15           5  0.590837939192136        109.207188282696     
   12.2026783871784     
          15           5  0.107124371379103        232.703021004226     
   13.9178628422167     
          15           6  0.742369596576336        166.461535791913     
   16.7183377409098     
          15           6  0.599697535812934        108.608829772998     
   11.7665874620450     
          15           6  9.047140218031799E-002   235.387156436568     
   12.4857576355531     
          15           7  0.756831357684893        165.659712638304     
   16.9689029784059     
          15           7  0.636874864205113        108.193472612974     
   11.6074956253464     
          15           7  0.110972241178944        235.186831639973     
   13.2847752564807     
          15           8  0.795623593515880        165.715390169065     
   16.0125882566483     
          15           8  0.617669747146894        108.792668753559     
   11.7204847387417     
          15           8  0.121603251714303        237.786182450526     
   12.7324854959871     
          15           9  0.860485304508482        164.942269595512     
   16.0504129149173     
          15           9  0.623121822420013        109.183977678268     
   12.0596096691315     
          15           9  0.234384849914419        240.532967593057     
   11.1651131022896     
          15          10  0.943669898356812        163.426501193827     
   15.4212519861635     
          15          10  0.666629281315674        109.473510569919     
   11.0765083860494     
          15          10  0.328094730984413        239.808518586675     
   11.4875450112104     
          15          11  0.983135917375625        162.836110447458     
   15.0107593208950     
          15          11  0.709113728976566        109.307511950873     
   9.35974811459453     
          15          11  0.341166137991994        237.777908824548     
   11.7007984470641     
          15          12  0.979345959031642        162.913255931862     
   15.7567174450266     
          15          12  0.740161991787073        109.452412687727     
   9.00372277992213     
          15          12  0.374960429094117        238.294344390816     
   11.5862892585685     
          15          13  0.985132288428905        164.266643408648     
   18.1162385882429     
          15          13  0.846082760601484        109.303082695911     
   7.95018935755966     
          15          13  0.630511605919059        241.500079173027     
   10.0423723381038     
          15          14  0.952074797189049        166.855580862442     
   20.1106507156665     
          15          14  0.909503147364427        108.844059598527     
   7.70372446797840     
          15          14   1.00452128331744        242.480688706106     
   9.68854039903123     
          15          15  0.928240183624033        167.556117498642     
   20.3856470956139     
          15          15  0.835668297931651        108.921309671394     
   8.49992761058136     
          15          15   1.16110383162434        241.301055335636     
   9.98431110953968     
