 # i, j, A, mean, sigma
           0           0   1.19591666959107        161.728938947994     
   13.2362531453547     
           0           0  0.708207291642656        109.581460504271     
   10.8732567880109     
           0           0  0.115678065164990        240.047903440175     
   12.3463277125983     
           0           1  0.819423778496743        163.202954090148     
   19.8996067591040     
           0           1  0.788997524847248        108.407335813944     
   8.53864649045909     
           0           1  0.989512904503359        242.124103865994     
   9.81364239528221     
           1           0  0.896954614103861        164.719987897831     
   15.0114669446700     
           1           0  0.644075425984624        111.167346035169     
   14.6073636326453     
           1           0  6.117707347548573E-002   231.947121892279     
   15.4167651851878     
           1           1  0.742257670491474        164.636787382642     
   18.8970203387913     
           1           1  0.746232204152989        109.130073740948     
   8.71361857674933     
           1           1  0.625492683180209        239.325663628876     
   10.0717375147376     
