 # i, j, A, mean, sigma
           0           0   1.41667078865922        162.245827164667     
   11.9014128521898     
           0           0  0.752683829890095        109.429051394479     
   10.0652789806045     
           0           0  0.109738956696926        241.629639635019     
   14.6021124648071     
           0           1   1.27241812266536        161.077793066049     
   13.0635932440844     
           0           1  0.677959445942686        108.869110869680     
   10.3782999843181     
           0           1  0.135825398644642        242.221053921928     
   12.4056760579719     
           0           2   1.13405972994073        158.584940244307     
   15.4529276650116     
           0           2  0.788045905620050        108.069751171771     
   9.43047938545208     
           0           2  0.829661461071120        247.675044479593     
   9.40138314592378     
           0           3  0.910195954225857        164.735124825741     
   20.6840133079443     
           0           3  0.827219873369735        108.234947846375     
   7.83709097694075     
           0           3   1.16933435334752        239.571708044141     
   8.84963172891464     
           1           0   1.12083177800188        161.046193046178     
   13.6899077891486     
           1           0  0.688375144091447        110.457942091569     
   12.3397520598873     
           1           0  3.986139001859711E-002   240.297101616959     
   10.3702106263233     
           1           1  0.997004793442016        162.623128279721     
   14.4492491717756     
           1           1  0.714527221640844        109.682666735043     
   10.8973589711530     
           1           1  0.196778387730989        236.987500468353     
   10.2372634427009     
           1           2  0.713952153331321        164.645280417543     
   19.2107571976542     
           1           2  0.727649054711856        108.849350506161     
   9.47932673845109     
           1           2  0.418150351648143        242.577862351946     
   11.3766293066300     
           1           3  0.625357136673383        167.786931711321     
   23.7333850198149     
           1           3  0.819170514640368        108.946826895709     
   8.04806073213779     
           1           3   1.78431287437524        241.537175754527     
   8.61705449053876     
           2           0  0.857773693602976        164.373580125424     
   14.0854008193854     
           2           0  0.734038172114217        118.327130363300     
   18.5674114025592     
           2           0  2.386832033395384E-002   234.132554725878     
   12.0233513957589     
           2           1  0.904358221388517        166.457090261401     
   14.6660220457767     
           2           1  0.671225822640440        109.567102311822     
   12.2243937804793     
           2           1  7.651676684918808E-002   238.744153004648     
   11.8385474081514     
           2           2  0.657382484450361        165.472410488322     
   18.7013743887334     
           2           2  0.629108280739590        108.744758183344     
   10.4477220411566     
           2           2  0.317633859487122        240.108927432309     
   9.79058375658448     
           2           3  0.676987074300158        163.188863412498     
   19.8741717012365     
           2           3  0.841729084359072        109.183627796563     
   7.59384390970241     
           2           3   1.02980644004607        237.856368362568     
   9.44117685238220     
           3           0   1.00324886805697        163.652599706010     
   13.1436814287363     
           3           0  0.647489223315027        111.203946325210     
   15.5673751300301     
           3           0  8.322607521176596E-002   221.180211155872     
   19.7179408681637     
           3           1  0.828201376654639        166.728894192320     
   15.9950856445922     
           3           1  0.603538068416347        108.836869878623     
   12.3870496929315     
           3           1  7.442954905651133E-002   230.521254553838     
   18.6199389412653     
           3           2  0.770361982733902        164.584084199586     
   17.3657578768957     
           3           2  0.674326407899257        109.268630703260     
   9.87113643203505     
           3           2  0.266308081281146        239.078483395023     
   11.5341686497159     
           3           3  0.870436809468468        165.335898743587     
   19.4531248926141     
           3           3  0.848640272041313        109.188132030866     
   7.71869031687794     
           3           3  0.917438762172682        240.786382001503     
   10.1126496051082     
